20#
<pre>
 1 užduotis 
Kodo generatorius g(x)=x^6 + x^3 + x^2 + x + 1 
Žodžiai iš kanalo:
[[1, 0, 1, 1, 1, 0, 0, 0, 0, 0, 1, 0, 0, 0, 0], [1, 0, 0, 0, 0, 1, 1, 1, 1, 0, 0, 0, 1, 0, 0], [1, 0, 0, 1, 0, 1, 1, 0, 1, 1, 1, 1, 1, 0, 0], [0, 1, 0, 1, 0, 0, 1, 1, 1, 1, 0, 1, 1, 0, 0], [1, 0, 0, 1, 0, 1, 0, 0, 1, 0, 0, 0, 1, 0, 0], [1, 0, 0, 1, 1, 1, 0, 1, 1, 1, 1, 1, 0, 1, 1], [1, 0, 0, 0, 0, 0, 1, 1, 0, 1, 1, 1, 1, 0, 0], [1, 0, 0, 0, 1, 0, 0, 1, 0, 0, 0, 0, 1, 0, 0], [1, 0, 0, 1, 0, 1, 1, 0, 1, 1, 0, 0, 1, 0, 0], [1, 1, 1, 1, 1, 1, 1, 0, 0, 0, 0, 0, 0, 0, 0], [1, 0, 1, 1, 0, 1, 0, 0, 0, 0, 0, 0, 0, 0, 0], [1, 0, 0, 0, 1, 0, 0, 0, 1, 0, 0, 0, 1, 0, 0], [1, 0, 0, 0, 0, 1, 0, 0, 0, 0, 1, 1, 1, 0, 0], [1, 0, 0, 0, 0, 1, 0, 0, 1, 1, 0, 0, 1, 0, 0], [1, 0, 1, 1, 0, 0, 0, 0, 0, 0, 1, 0, 1, 0, 0], [1, 0, 0, 0, 0, 1, 1, 1, 1, 1, 1, 0, 0, 0, 0], [1, 0, 1, 1, 1, 0, 0, 0, 1, 0, 1, 0, 0, 1, 1], [1, 0, 0, 0, 0, 1, 1, 1, 0, 0, 1, 0, 1, 0, 0]]
</pre>
#
<pre>
 2 užduotis 
Kodo generatorius g(x)=x^6 + x^3 + x^2 + x + 1 
Žodžiai iš kanalo:
[[1, 0, 1, 1, 1, 1, 0, 1, 1, 1, 0, 1, 1, 0, 0], [1, 0, 1, 1, 0, 1, 1, 0, 1, 0, 1, 0, 0, 0, 0], [1, 0, 0, 0, 1, 0, 1, 0, 1, 1, 0, 0, 1, 0, 0], [1, 0, 1, 1, 1, 0, 0, 1, 0, 0, 1, 0, 0, 0, 0], [1, 0, 1, 0, 0, 1, 1, 1, 0, 1, 1, 0, 1, 0, 0], [1, 1, 1, 1, 0, 0, 1, 1, 1, 1, 0, 1, 1, 0, 0], [1, 1, 1, 1, 0, 0, 1, 0, 0, 1, 1, 0, 0, 0, 0], [1, 0, 1, 1, 0, 0, 1, 1, 1, 0, 1, 0, 1, 0, 0], [1, 0, 0, 1, 1, 0, 0, 0, 1, 0, 1, 0, 0, 0, 0], [1, 1, 0, 1, 1, 1, 1, 0, 0, 0, 1, 1, 1, 0, 0], [1, 0, 0, 0, 0, 0, 0, 0, 0, 0, 0, 0, 1, 0, 0], [1, 0, 0, 0, 1, 0, 0, 0, 1, 1, 0, 0, 1, 1, 0], [1, 0, 1, 1, 0, 0, 1, 1, 1, 0, 1, 1, 1, 0, 0]]
</pre>
#
<pre>
 3 užduotis 
Kodo generatorius g(x)=x^6 + x^3 + x^2 + x + 1 
Žodžiai iš kanalo:
[[1, 0, 1, 1, 1, 1, 0, 0, 1, 0, 1, 0, 0, 0, 0], [0, 0, 1, 1, 1, 1, 1, 1, 0, 0, 1, 1, 0, 0, 0], [1, 0, 0, 0, 1, 1, 1, 1, 1, 1, 0, 0, 1, 0, 0], [1, 0, 1, 1, 0, 0, 0, 0, 0, 1, 1, 1, 0, 0, 0], [1, 0, 0, 1, 0, 0, 0, 1, 0, 0, 0, 1, 0, 1, 1], [1, 0, 0, 1, 0, 1, 1, 1, 0, 1, 0, 0, 1, 0, 0], [0, 0, 0, 1, 1, 1, 0, 1, 1, 1, 1, 1, 0, 0, 0], [1, 0, 0, 0, 0, 0, 0, 0, 0, 1, 0, 0, 1, 0, 0], [0, 1, 1, 1, 0, 1, 1, 0, 1, 0, 0, 0, 1, 0, 0], [1, 1, 1, 1, 0, 0, 1, 0, 1, 0, 0, 0, 0, 0, 0], [0, 1, 1, 1, 1, 1, 0, 1, 1, 1, 1, 1, 0, 0, 0], [1, 0, 0, 0, 1, 0, 0, 0, 1, 1, 1, 1, 0, 0, 0], [1, 0, 1, 0, 1, 0, 0, 1, 1, 0, 1, 0, 1, 0, 0], [1, 0, 0, 1, 0, 1, 0, 0, 1, 1, 0, 0, 1, 0, 0], [1, 0, 0, 1, 0, 1, 1, 0, 1, 0, 0, 0, 1, 1, 0]]
</pre>
#
<pre>
 4 užduotis 
Kodo generatorius g(x)=x^6 + x^3 + x^2 + x + 1 
Žodžiai iš kanalo:
[[1, 0, 1, 1, 0, 0, 0, 0, 1, 0, 0, 0, 0, 0, 0], [1, 0, 0, 0, 1, 0, 0, 0, 0, 0, 0, 0, 1, 0, 0], [1, 0, 1, 1, 1, 1, 1, 1, 0, 0, 0, 1, 0, 0, 0], [1, 0, 1, 1, 0, 1, 1, 0, 0, 0, 0, 0, 1, 0, 0], [0, 1, 1, 1, 0, 0, 0, 1, 0, 0, 0, 1, 1, 0, 0], [0, 1, 0, 1, 1, 1, 1, 0, 0, 0, 1, 1, 1, 0, 0], [1, 1, 1, 1, 0, 0, 1, 0, 0, 1, 1, 1, 0, 0, 0], [1, 0, 0, 0, 1, 0, 0, 0, 1, 0, 1, 1, 1, 0, 0], [1, 0, 0, 0, 1, 0, 0, 0, 1, 0, 1, 0, 0, 0, 0], [1, 0, 0, 1, 1, 0, 1, 0, 0, 0, 0, 1, 0, 0, 0], [1, 0, 0, 1, 0, 1, 1, 0, 1, 0, 0, 0, 1, 0, 1], [1, 0, 0, 1, 0, 1, 0, 1, 0, 0, 0, 1, 1, 0, 0], [1, 0, 1, 1, 1, 0, 0, 0, 1, 1, 0, 0, 0, 0, 0], [1, 0, 0, 1, 0, 1, 0, 1, 1, 0, 0, 0, 1, 0, 0]]
</pre>
#
<pre>
 5 užduotis 
Kodo generatorius g(x)=x^6 + x^3 + x^2 + x + 1 
Žodžiai iš kanalo:
[[1, 0, 0, 0, 1, 1, 0, 0, 1, 0, 0, 1, 1, 1, 1], [1, 0, 0, 0, 1, 0, 0, 0, 1, 1, 0, 1, 0, 1, 0], [1, 0, 0, 1, 0, 1, 1, 0, 1, 0, 1, 0, 1, 0, 0], [1, 0, 0, 1, 1, 0, 0, 0, 0, 1, 1, 1, 1, 0, 0], [1, 0, 1, 1, 0, 1, 1, 1, 1, 1, 1, 0, 1, 0, 0], [1, 0, 1, 1, 0, 0, 1, 1, 1, 1, 0, 0, 0, 0, 0], [1, 0, 0, 1, 0, 1, 1, 0, 0, 1, 0, 0, 1, 0, 0], [1, 1, 1, 1, 0, 1, 0, 1, 0, 0, 0, 0, 0, 0, 0], [1, 0, 0, 0, 1, 1, 1, 1, 1, 0, 0, 0, 0, 0, 0], [1, 0, 1, 1, 0, 0, 0, 1, 1, 0, 0, 1, 0, 0, 0], [1, 0, 0, 1, 0, 1, 0, 0, 1, 1, 0, 0, 1, 0, 0], [1, 0, 1, 0, 0, 1, 0, 0, 1, 0, 1, 0, 0, 0, 0], [1, 0, 1, 0, 1, 1, 0, 0, 0, 0, 0, 0, 1, 0, 0], [1, 0, 0, 1, 1, 1, 0, 0, 1, 0, 0, 1, 0, 0, 0], [1, 0, 0, 1, 1, 1, 1, 0, 0, 1, 1, 1, 1, 0, 0], [1, 0, 1, 1, 1, 1, 1, 1, 1, 1, 0, 1, 1, 0, 0]]
</pre>
#
<pre>
 6 užduotis 
Kodo generatorius g(x)=x^6 + x^3 + x^2 + x + 1 
Žodžiai iš kanalo:
[[1, 0, 0, 1, 0, 1, 1, 0, 0, 1, 0, 0, 1, 0, 0], [1, 0, 0, 1, 0, 0, 0, 0, 0, 0, 0, 1, 1, 0, 0], [1, 0, 1, 0, 1, 0, 1, 0, 0, 0, 0, 0, 1, 0, 1], [1, 0, 1, 1, 0, 0, 0, 0, 1, 1, 1, 1, 0, 0, 0], [1, 0, 1, 1, 1, 0, 1, 1, 0, 1, 1, 1, 0, 0, 0], [1, 0, 1, 1, 0, 0, 1, 0, 1, 1, 0, 1, 1, 0, 0], [1, 1, 1, 1, 0, 0, 1, 0, 0, 0, 0, 0, 1, 1, 0], [1, 0, 1, 1, 1, 0, 1, 1, 0, 1, 1, 0, 1, 1, 0], [1, 0, 0, 1, 1, 1, 1, 0, 0, 0, 1, 1, 1, 0, 1], [1, 0, 0, 0, 0, 1, 0, 0, 1, 1, 0, 0, 0, 0, 0], [1, 0, 0, 0, 1, 0, 0, 0, 1, 1, 0, 1, 1, 0, 0], [0, 1, 0, 1, 0, 0, 1, 1, 1, 1, 0, 1, 1, 0, 0]]
</pre>
#
<pre>
 7 užduotis 
Kodo generatorius g(x)=x^6 + x^3 + x^2 + x + 1 
Žodžiai iš kanalo:
[[1, 0, 1, 1, 0, 1, 1, 1, 1, 1, 1, 0, 0, 0, 0], [1, 0, 0, 0, 1, 0, 0, 0, 1, 1, 0, 0, 1, 1, 0], [1, 0, 1, 1, 1, 1, 0, 0, 0, 0, 1, 1, 0, 0, 0], [1, 0, 1, 0, 1, 0, 1, 0, 0, 0, 0, 1, 0, 1, 0], [1, 1, 1, 0, 0, 0, 0, 1, 0, 0, 0, 1, 1, 0, 0], [1, 0, 0, 1, 1, 1, 1, 0, 0, 0, 1, 1, 1, 1, 1], [1, 1, 1, 1, 1, 1, 0, 0, 0, 0, 0, 0, 0, 0, 0], [1, 0, 0, 0, 1, 0, 0, 0, 1, 1, 0, 0, 0, 1, 0], [1, 0, 1, 1, 1, 0, 0, 0, 1, 0, 1, 1, 1, 1, 0], [1, 0, 0, 1, 1, 0, 1, 0, 0, 1, 1, 0, 0, 1, 0], [0, 1, 0, 1, 0, 1, 1, 0, 1, 0, 0, 0, 1, 0, 0], [1, 0, 0, 1, 0, 1, 1, 1, 0, 0, 0, 1, 1, 0, 0], [1, 0, 1, 1, 1, 0, 0, 0, 1, 0, 1, 0, 0, 0, 1], [1, 0, 0, 1, 0, 1, 1, 0, 1, 0, 0, 1, 0, 1, 0]]
</pre>
#
<pre>
 8 užduotis 
Kodo generatorius g(x)=x^6 + x^3 + x^2 + x + 1 
Žodžiai iš kanalo:
[[1, 0, 1, 1, 1, 0, 0, 0, 1, 0, 1, 0, 1, 0, 0], [1, 0, 1, 1, 1, 1, 1, 1, 0, 0, 1, 1, 0, 0, 1], [1, 0, 0, 0, 1, 1, 0, 0, 1, 1, 0, 0, 1, 0, 0], [1, 0, 1, 1, 0, 0, 0, 0, 0, 0, 0, 1, 1, 1, 0], [0, 1, 1, 1, 0, 0, 0, 1, 0, 0, 0, 1, 1, 0, 0], [1, 0, 0, 1, 0, 1, 1, 0, 0, 1, 1, 0, 1, 0, 0], [1, 0, 0, 1, 1, 1, 0, 1, 1, 1, 1, 1, 1, 1, 0], [1, 1, 1, 0, 0, 0, 0, 0, 0, 1, 1, 1, 1, 0, 0], [1, 0, 0, 1, 0, 1, 1, 0, 1, 0, 0, 0, 1, 1, 1], [1, 1, 1, 1, 0, 0, 1, 0, 1, 1, 1, 0, 0, 0, 0], [1, 0, 0, 1, 1, 1, 0, 1, 1, 1, 0, 0, 1, 0, 0], [1, 0, 0, 0, 1, 0, 0, 0, 1, 1, 1, 1, 0, 0, 0], [1, 0, 0, 0, 0, 1, 0, 1, 1, 0, 1, 0, 1, 0, 0], [1, 0, 0, 0, 1, 0, 0, 0, 1, 0, 0, 0, 1, 0, 0], [0, 1, 1, 1, 0, 1, 1, 0, 1, 0, 0, 0, 1, 0, 0]]
</pre>
#
<pre>
 9 užduotis 
Kodo generatorius g(x)=x^6 + x^3 + x^2 + x + 1 
Žodžiai iš kanalo:
[[1, 0, 1, 1, 0, 0, 0, 0, 1, 1, 0, 1, 0, 0, 0], [1, 0, 0, 0, 1, 0, 0, 0, 1, 0, 1, 0, 1, 0, 0], [1, 0, 1, 1, 1, 0, 1, 0, 0, 1, 1, 0, 1, 0, 0], [1, 0, 0, 0, 0, 1, 0, 0, 0, 0, 1, 0, 1, 1, 1], [1, 0, 0, 1, 1, 1, 1, 0, 0, 0, 0, 1, 1, 0, 0], [1, 0, 0, 0, 0, 0, 0, 1, 1, 1, 1, 1, 0, 0, 0], [1, 0, 0, 0, 1, 0, 0, 1, 0, 1, 0, 0, 1, 0, 0], [1, 0, 1, 1, 0, 0, 1, 0, 0, 0, 0, 1, 1, 0, 0], [1, 1, 1, 1, 1, 0, 1, 0, 0, 0, 0, 0, 0, 0, 0], [1, 0, 0, 1, 1, 1, 0, 1, 1, 0, 1, 1, 1, 0, 0], [1, 0, 0, 0, 1, 1, 0, 0, 0, 1, 1, 1, 0, 0, 0], [1, 0, 1, 1, 1, 0, 0, 0, 0, 1, 1, 0, 1, 0, 0], [1, 0, 0, 1, 1, 1, 1, 0, 1, 1, 0, 1, 1, 0, 0], [0, 0, 0, 1, 1, 0, 1, 0, 0, 1, 1, 0, 0, 0, 0], [1, 1, 0, 1, 1, 0, 1, 0, 0, 0, 0, 0, 1, 0, 0], [1, 0, 1, 1, 0, 0, 1, 0, 0, 1, 0, 1, 1, 0, 0]]
</pre>
#
<pre>
 10 užduotis 
Kodo generatorius g(x)=x^6 + x^3 + x^2 + x + 1 
Žodžiai iš kanalo:
[[1, 0, 1, 1, 0, 1, 1, 0, 1, 0, 0, 0, 0, 0, 0], [1, 0, 0, 0, 1, 0, 0, 0, 1, 1, 1, 1, 0, 0, 0], [1, 0, 0, 1, 0, 0, 0, 1, 0, 1, 0, 1, 1, 0, 0], [1, 0, 0, 1, 1, 0, 1, 0, 0, 1, 1, 1, 1, 1, 0], [1, 0, 1, 0, 1, 0, 0, 0, 1, 1, 0, 0, 1, 0, 0], [1, 0, 1, 1, 1, 1, 0, 1, 0, 1, 1, 0, 1, 0, 0], [1, 0, 1, 1, 0, 0, 1, 1, 1, 1, 0, 1, 0, 0, 0], [1, 0, 0, 1, 0, 0, 0, 1, 0, 1, 1, 0, 1, 0, 0], [1, 0, 0, 1, 0, 1, 1, 1, 0, 0, 0, 0, 1, 0, 0], [1, 0, 1, 1, 1, 0, 0, 1, 0, 0, 1, 0, 0, 0, 0], [1, 0, 0, 0, 0, 0, 1, 1, 1, 1, 1, 0, 1, 0, 0], [1, 1, 1, 1, 0, 0, 0, 1, 1, 0, 0, 0, 0, 0, 0], [1, 1, 0, 1, 1, 0, 1, 0, 0, 0, 1, 1, 0, 0, 0], [1, 0, 1, 0, 1, 0, 1, 0, 0, 0, 0, 0, 1, 0, 1], [1, 0, 0, 1, 0, 0, 0, 1, 0, 0, 0, 0, 0, 0, 0], [1, 1, 1, 0, 0, 1, 1, 0, 1, 0, 0, 0, 1, 0, 0], [1, 0, 0, 1, 1, 1, 0, 1, 1, 1, 1, 1, 0, 1, 0], [1, 0, 1, 1, 1, 0, 0, 0, 1, 0, 1, 0, 0, 1, 1], [1, 0, 1, 0, 1, 1, 1, 0, 0, 0, 1, 1, 1, 0, 0]]
</pre>
#
<pre>
 11 užduotis 
Kodo generatorius g(x)=x^6 + x^3 + x^2 + x + 1 
Žodžiai iš kanalo:
[[0, 0, 1, 1, 0, 0, 1, 1, 1, 1, 0, 1, 1, 0, 0], [1, 0, 1, 1, 1, 0, 0, 1, 0, 1, 1, 0, 0, 0, 0], [1, 0, 0, 0, 1, 0, 0, 0, 1, 0, 1, 1, 1, 0, 0], [1, 0, 1, 1, 1, 0, 0, 1, 1, 0, 1, 0, 0, 0, 0], [1, 0, 1, 1, 1, 0, 1, 1, 0, 1, 0, 1, 0, 0, 0], [1, 0, 1, 1, 0, 1, 1, 1, 1, 1, 0, 1, 1, 0, 0], [1, 1, 1, 1, 0, 0, 1, 1, 1, 0, 0, 0, 0, 0, 0], [1, 0, 1, 1, 1, 1, 1, 1, 1, 1, 0, 1, 1, 0, 0], [1, 0, 1, 1, 1, 0, 0, 0, 1, 0, 0, 1, 0, 0, 0], [1, 0, 0, 1, 1, 1, 1, 0, 1, 1, 0, 1, 1, 0, 0], [1, 0, 0, 0, 1, 1, 1, 0, 0, 1, 1, 1, 1, 0, 0], [1, 0, 0, 0, 1, 0, 0, 0, 1, 1, 1, 0, 1, 0, 0], [1, 1, 0, 1, 0, 0, 1, 1, 1, 1, 0, 1, 1, 0, 0]]
</pre>
#
<pre>
 12 užduotis 
Kodo generatorius g(x)=x^6 + x^3 + x^2 + x + 1 
Žodžiai iš kanalo:
[[1, 0, 1, 1, 0, 1, 1, 1, 1, 0, 0, 0, 1, 0, 0], [1, 0, 0, 1, 0, 1, 0, 0, 1, 1, 0, 0, 1, 0, 0], [1, 0, 1, 1, 1, 1, 1, 1, 0, 0, 1, 1, 1, 1, 1], [1, 0, 1, 0, 1, 0, 1, 0, 0, 0, 0, 1, 0, 0, 0], [1, 0, 0, 1, 0, 0, 0, 1, 0, 0, 0, 1, 0, 0, 0], [0, 0, 0, 1, 1, 1, 1, 0, 0, 0, 1, 1, 1, 0, 0], [1, 1, 1, 1, 0, 0, 1, 0, 0, 0, 0, 0, 0, 1, 1], [1, 0, 0, 0, 1, 0, 0, 0, 1, 0, 1, 0, 1, 0, 0], [1, 1, 0, 0, 1, 0, 0, 0, 1, 0, 1, 0, 0, 0, 0], [0, 1, 1, 1, 1, 0, 1, 0, 0, 1, 1, 0, 0, 0, 0], [1, 0, 0, 1, 0, 1, 1, 0, 1, 0, 1, 0, 1, 0, 0], [1, 0, 0, 1, 0, 0, 0, 1, 0, 0, 0, 1, 0, 0, 0], [1, 0, 0, 1, 1, 0, 0, 0, 1, 0, 1, 0, 0, 0, 0], [1, 0, 0, 0, 0, 1, 1, 0, 1, 0, 0, 0, 1, 0, 0]]
</pre>
#
<pre>
 13 užduotis 
Kodo generatorius g(x)=x^6 + x^3 + x^2 + x + 1 
Žodžiai iš kanalo:
[[1, 0, 0, 1, 1, 0, 0, 0, 0, 0, 1, 0, 0, 0, 0], [1, 0, 1, 0, 1, 0, 0, 0, 1, 1, 0, 0, 1, 0, 0], [1, 0, 0, 0, 1, 1, 0, 1, 0, 1, 0, 1, 0, 0, 0], [1, 0, 1, 1, 0, 0, 0, 0, 1, 1, 0, 0, 1, 0, 0], [1, 0, 1, 0, 1, 0, 0, 0, 0, 0, 0, 1, 0, 0, 0], [1, 1, 1, 1, 0, 0, 1, 0, 1, 1, 0, 0, 0, 0, 0], [1, 0, 0, 1, 0, 1, 0, 0, 0, 0, 1, 0, 0, 0, 0], [1, 0, 0, 0, 1, 0, 1, 1, 0, 0, 1, 1, 0, 0, 0], [1, 0, 0, 0, 1, 1, 0, 0, 1, 1, 1, 1, 0, 0, 0], [1, 0, 1, 0, 0, 0, 1, 0, 1, 1, 0, 1, 0, 0, 0], [1, 1, 1, 1, 1, 1, 0, 0, 0, 0, 0, 0, 0, 0, 0], [1, 0, 1, 0, 1, 0, 0, 1, 1, 0, 1, 0, 1, 0, 0], [1, 0, 0, 0, 0, 1, 1, 1, 1, 0, 0, 1, 1, 0, 0], [1, 0, 1, 1, 1, 0, 0, 0, 1, 0, 1, 1, 1, 1, 0], [1, 0, 0, 0, 1, 1, 1, 0, 1, 1, 0, 0, 1, 0, 0], [1, 0, 0, 1, 0, 1, 1, 0, 1, 0, 1, 1, 1, 0, 0]]
</pre>
#
<pre>
 14 užduotis 
Kodo generatorius g(x)=x^6 + x^3 + x^2 + x + 1 
Žodžiai iš kanalo:
[[1, 0, 1, 1, 1, 1, 1, 1, 1, 0, 1, 0, 0, 0, 0], [1, 0, 1, 1, 1, 1, 1, 0, 1, 0, 1, 1, 0, 0, 0], [1, 0, 0, 0, 0, 1, 1, 0, 1, 1, 0, 0, 1, 0, 0], [1, 0, 1, 1, 0, 0, 0, 1, 1, 0, 0, 1, 0, 0, 0], [1, 0, 0, 1, 0, 0, 0, 1, 0, 0, 0, 0, 0, 1, 0], [1, 1, 0, 1, 0, 1, 1, 0, 1, 0, 0, 0, 1, 0, 0], [1, 0, 0, 1, 1, 1, 0, 1, 1, 1, 1, 1, 0, 0, 1], [1, 0, 0, 0, 0, 0, 0, 0, 1, 1, 1, 1, 1, 0, 0], [1, 0, 0, 1, 0, 1, 1, 0, 1, 0, 0, 0, 0, 1, 1], [1, 1, 1, 1, 0, 0, 1, 0, 0, 0, 1, 0, 0, 0, 0], [1, 0, 0, 1, 1, 1, 0, 1, 0, 0, 0, 1, 0, 0, 0], [0, 1, 1, 0, 1, 0, 0, 0, 1, 1, 0, 0, 1, 0, 0], [1, 0, 0, 1, 1, 0, 0, 1, 1, 1, 1, 0, 1, 0, 0], [1, 0, 0, 0, 0, 1, 1, 0, 1, 1, 0, 0, 1, 0, 0], [1, 0, 0, 1, 1, 1, 1, 0, 1, 0, 0, 0, 1, 0, 0]]
</pre>
#
<pre>
 15 užduotis 
Kodo generatorius g(x)=x^6 + x^3 + x^2 + x + 1 
Žodžiai iš kanalo:
[[1, 0, 1, 1, 0, 0, 0, 1, 1, 0, 0, 1, 0, 0, 0], [1, 0, 0, 0, 1, 0, 1, 0, 1, 1, 0, 0, 1, 0, 0], [1, 0, 1, 1, 1, 0, 1, 1, 0, 1, 1, 0, 1, 0, 1], [1, 0, 0, 0, 0, 1, 0, 1, 1, 1, 1, 0, 0, 0, 0], [1, 0, 0, 1, 1, 1, 0, 1, 0, 0, 1, 1, 1, 0, 0], [1, 0, 0, 1, 1, 1, 1, 0, 0, 1, 1, 1, 0, 0, 0], [1, 0, 0, 0, 0, 1, 0, 0, 1, 1, 0, 0, 1, 0, 0], [1, 0, 0, 1, 0, 0, 1, 1, 1, 1, 0, 1, 1, 0, 0], [1, 1, 1, 1, 0, 0, 1, 0, 0, 0, 1, 1, 1, 0, 0], [1, 0, 0, 1, 1, 1, 1, 0, 0, 0, 1, 1, 0, 1, 0], [1, 0, 0, 0, 1, 1, 0, 1, 0, 0, 0, 1, 0, 0, 0], [1, 0, 1, 1, 1, 0, 1, 1, 0, 1, 0, 0, 1, 0, 0], [1, 0, 0, 1, 1, 1, 0, 1, 0, 0, 1, 1, 1, 0, 0], [1, 0, 0, 0, 0, 0, 1, 0, 0, 1, 1, 0, 0, 0, 0], [1, 1, 0, 0, 1, 0, 1, 0, 0, 0, 0, 0, 1, 0, 0], [1, 0, 1, 1, 0, 0, 1, 1, 0, 0, 1, 1, 1, 0, 0]]
</pre>
#
<pre>
 16 užduotis 
Kodo generatorius g(x)=x^6 + x^3 + x^2 + x + 1 
Žodžiai iš kanalo:
[[1, 0, 0, 1, 1, 0, 0, 0, 0, 0, 1, 0, 1, 0, 0], [1, 0, 0, 0, 1, 1, 1, 1, 1, 1, 0, 0, 1, 0, 0], [1, 0, 1, 1, 1, 0, 0, 0, 0, 0, 0, 1, 0, 0, 0], [1, 0, 1, 0, 0, 0, 0, 0, 0, 1, 1, 1, 1, 0, 0], [1, 0, 0, 0, 1, 0, 1, 1, 0, 1, 0, 0, 1, 0, 0], [1, 1, 1, 1, 0, 0, 1, 0, 0, 0, 0, 0, 1, 1, 1], [1, 0, 1, 1, 0, 0, 1, 1, 1, 1, 0, 1, 0, 0, 0], [1, 0, 1, 1, 0, 0, 0, 1, 0, 0, 0, 1, 1, 0, 0], [1, 0, 0, 0, 0, 1, 1, 0, 1, 1, 0, 0, 1, 0, 0], [1, 0, 0, 0, 1, 0, 0, 0, 0, 0, 0, 1, 0, 0, 0], [1, 0, 0, 0, 0, 1, 1, 1, 1, 1, 0, 1, 0, 0, 0], [1, 0, 0, 1, 1, 0, 1, 0, 0, 1, 0, 1, 1, 0, 0], [1, 0, 0, 0, 0, 0, 1, 1, 1, 1, 1, 0, 1, 0, 0]]
</pre>
#
<pre>
 17 užduotis 
Kodo generatorius g(x)=x^6 + x^3 + x^2 + x + 1 
Žodžiai iš kanalo:
[[1, 0, 0, 0, 1, 0, 0, 1, 1, 1, 0, 0, 1, 0, 0], [0, 0, 1, 1, 1, 0, 0, 0, 1, 0, 1, 0, 0, 0, 0], [1, 0, 1, 1, 1, 1, 1, 1, 0, 0, 0, 1, 0, 0, 0], [1, 0, 0, 1, 1, 1, 1, 0, 1, 0, 0, 0, 1, 0, 0], [1, 0, 1, 1, 0, 0, 0, 0, 0, 0, 0, 1, 1, 0, 0], [1, 0, 0, 0, 0, 1, 1, 0, 1, 1, 0, 0, 1, 0, 0], [1, 0, 1, 1, 0, 0, 1, 1, 1, 1, 1, 0, 0, 0, 0], [1, 1, 1, 0, 1, 0, 1, 0, 0, 0, 0, 0, 0, 0, 0], [1, 0, 0, 1, 1, 0, 0, 1, 1, 1, 1, 0, 0, 0, 0], [1, 0, 0, 0, 1, 0, 0, 1, 0, 0, 0, 0, 1, 0, 0], [1, 0, 0, 1, 1, 1, 0, 1, 1, 1, 1, 1, 0, 0, 1], [1, 0, 0, 0, 0, 0, 0, 0, 0, 0, 1, 1, 1, 0, 0], [1, 0, 0, 0, 1, 0, 0, 0, 1, 1, 0, 0, 0, 1, 0], [1, 0, 1, 1, 0, 0, 1, 1, 1, 1, 1, 1, 1, 0, 0]]
</pre>
#
<pre>
 18 užduotis 
Kodo generatorius g(x)=x^6 + x^3 + x^2 + x + 1 
Žodžiai iš kanalo:
[[1, 0, 1, 1, 0, 0, 0, 0, 1, 1, 0, 1, 0, 0, 0], [1, 0, 0, 1, 1, 0, 0, 0, 1, 1, 0, 0, 1, 0, 0], [1, 0, 1, 1, 1, 0, 1, 1, 0, 1, 1, 1, 1, 0, 0], [1, 1, 1, 1, 0, 1, 0, 0, 0, 0, 1, 0, 0, 0, 0], [1, 0, 0, 1, 0, 0, 1, 0, 0, 0, 1, 1, 1, 0, 0], [1, 0, 0, 1, 1, 1, 0, 1, 1, 1, 1, 0, 1, 0, 0], [1, 0, 0, 1, 0, 0, 0, 0, 1, 1, 0, 0, 1, 0, 0], [1, 0, 1, 1, 0, 0, 1, 1, 1, 1, 0, 1, 1, 1, 0], [1, 1, 1, 1, 0, 0, 1, 0, 0, 0, 0, 1, 1, 0, 0], [1, 0, 1, 0, 0, 1, 1, 0, 0, 0, 1, 1, 1, 0, 0], [1, 0, 0, 0, 1, 1, 1, 1, 0, 0, 0, 1, 0, 0, 0], [1, 0, 1, 1, 1, 0, 1, 1, 0, 1, 1, 0, 0, 1, 1], [1, 0, 0, 1, 1, 1, 1, 1, 1, 1, 1, 1, 1, 0, 0], [1, 0, 0, 1, 1, 0, 1, 1, 1, 0, 1, 0, 0, 0, 0], [1, 1, 0, 1, 1, 0, 1, 0, 0, 0, 0, 0, 1, 0, 0], [1, 0, 1, 1, 0, 0, 1, 0, 1, 1, 0, 1, 1, 0, 0]]
</pre>
#
<pre>
 19 užduotis 
Kodo generatorius g(x)=x^6 + x^3 + x^2 + x + 1 
Žodžiai iš kanalo:
[[0, 1, 1, 1, 0, 0, 0, 0, 0, 0, 0, 1, 0, 0, 0], [1, 0, 0, 0, 1, 0, 0, 0, 1, 1, 0, 1, 0, 0, 0], [1, 0, 1, 1, 1, 0, 0, 0, 0, 1, 1, 0, 1, 0, 0], [1, 0, 1, 0, 0, 1, 0, 0, 0, 0, 1, 0, 0, 0, 0], [1, 0, 0, 1, 1, 0, 0, 0, 0, 0, 1, 1, 1, 0, 0], [1, 0, 0, 1, 1, 1, 0, 1, 1, 1, 1, 1, 1, 1, 1], [1, 1, 1, 1, 1, 0, 0, 0, 1, 1, 0, 0, 1, 0, 0], [1, 0, 1, 1, 0, 1, 1, 1, 1, 1, 0, 1, 1, 0, 0], [0, 0, 0, 1, 0, 0, 1, 0, 0, 0, 0, 0, 0, 0, 0], [1, 0, 0, 1, 1, 1, 1, 0, 0, 0, 1, 1, 0, 0, 0], [1, 0, 0, 0, 1, 1, 1, 0, 1, 0, 0, 1, 0, 0, 0], [0, 0, 1, 1, 1, 0, 1, 1, 0, 1, 1, 0, 1, 0, 0], [0, 1, 0, 1, 1, 1, 1, 0, 0, 0, 1, 1, 1, 0, 0], [1, 1, 1, 1, 1, 0, 1, 0, 0, 1, 1, 0, 0, 0, 0], [1, 1, 0, 1, 1, 0, 1, 0, 0, 0, 0, 0, 1, 0, 0], [1, 0, 0, 0, 1, 0, 1, 1, 1, 1, 0, 1, 1, 0, 0]]
</pre>
#
<pre>
 20 užduotis 
Kodo generatorius g(x)=x^6 + x^3 + x^2 + x + 1 
Žodžiai iš kanalo:
[[1, 0, 0, 1, 0, 1, 1, 0, 1, 0, 0, 1, 0, 1, 0], [1, 0, 0, 1, 0, 0, 0, 1, 0, 0, 0, 1, 1, 0, 1], [1, 0, 1, 1, 0, 0, 1, 0, 0, 0, 0, 0, 1, 0, 0], [1, 0, 1, 0, 1, 1, 0, 0, 0, 0, 0, 1, 0, 0, 0], [1, 0, 1, 1, 1, 0, 1, 1, 0, 1, 0, 1, 0, 0, 0], [1, 0, 0, 0, 0, 0, 1, 1, 1, 1, 0, 1, 1, 0, 0], [1, 1, 1, 1, 0, 0, 1, 1, 1, 0, 0, 0, 0, 0, 0], [1, 1, 0, 1, 1, 0, 1, 1, 0, 1, 1, 0, 1, 0, 0], [1, 0, 1, 1, 1, 1, 1, 0, 0, 0, 1, 1, 1, 0, 0], [1, 0, 0, 0, 0, 1, 0, 0, 0, 1, 0, 0, 0, 0, 0], [1, 0, 0, 0, 1, 0, 0, 0, 1, 1, 0, 1, 0, 1, 0], [1, 0, 1, 1, 0, 1, 0, 1, 1, 1, 0, 1, 1, 0, 0]]
</pre>
#
