20#
<pre>
 1 užduotis 
Reedo-Solomono kodo parametrai: p=37, k=3, x=[1,2,3,4,5,6,7] 
Abėcėlė: AĄBCČDEĘĖFGHIĮYJKLMNOPRSŠTUŲŪVZŽ .,:- 
Žodžiai iš kanalo:
[10, 29, 36, 31, 14, 28, 18]
[15, 9, 35, 11, 35, 9, 15]
[7, 29, 4, 6, 4, 30, 26]
[28, 3, 35, 36, 20, 7, 34]
[15, 31, 12, 5, 15, 28, 7]
[20, 34, 11, 25, 28, 7, 36]
[15, 0, 13, 17, 15, 35, 12]
[36, 20, 13, 15, 26, 1, 1]
[0, 22, 5, 35, 1, 14, 0]
[15, 34, 14, 27, 12, 6, 9]

</pre>
#
<pre>
 2 užduotis 
Reedo-Solomono kodo parametrai: p=37, k=3, x=[1,2,3,4,5,6,7] 
Abėcėlė: AĄBCČDEĘĖFGHIĮYJKLMNOPRSŠTUŲŪVZŽ .,:- 
Žodžiai iš kanalo:
[4, 24, 26, 36, 33, 17, 25]
[16, 25, 6, 22, 32, 36, 20]
[19, 22, 34, 18, 11, 36, 24]
[25, 5, 9, 15, 15, 17, 6]
[19, 6, 17, 15, 34, 9, 5]
[34, 23, 2, 27, 24, 17, 8]
[20, 20, 32, 19, 34, 0, 15]
[6, 19, 12, 29, 32, 30, 4]
[17, 2, 14, 11, 35, 35, 11]
[32, 10, 34, 30, 35, 13, 35]

</pre>
#
<pre>
 3 užduotis 
Reedo-Solomono kodo parametrai: p=37, k=3, x=[1,2,3,4,5,6,7] 
Abėcėlė: AĄBCČDEĘĖFGHIĮYJKLMNOPRSŠTUŲŪVZŽ .,:- 
Žodžiai iš kanalo:
[29, 6, 31, 13, 3, 24, 19]
[32, 29, 16, 24, 34, 28, 12]
[15, 5, 23, 1, 32, 23, 5]
[6, 33, 30, 5, 17, 29, 4]
[24, 23, 32, 31, 13, 36, 5]
[21, 28, 23, 13, 35, 26, 27]
[20, 23, 31, 7, 25, 29, 2]
[14, 8, 28, 31, 23, 2, 5]
[3, 30, 29, 14, 17, 6, 4]
[18, 14, 2, 9, 23, 15, 7]

</pre>
#
<pre>
 4 užduotis 
Reedo-Solomono kodo parametrai: p=37, k=3, x=[1,2,3,4,5,6,7] 
Abėcėlė: AĄBCČDEĘĖFGHIĮYJKLMNOPRSŠTUŲŪVZŽ .,:- 
Žodžiai iš kanalo:
[20, 18, 0, 20, 14, 35, 27]
[16, 32, 11, 27, 25, 22, 1]
[0, 28, 0, 22, 34, 36, 28]
[16, 1, 7, 13, 26, 12, 36]
[20, 34, 5, 8, 3, 0, 14]
[3, 14, 28, 8, 28, 21, 3]
[13, 10, 8, 7, 19, 8, 10]
[9, 27, 24, 27, 27, 24, 18]
[19, 14, 23, 11, 13, 5, 24]
[24, 13, 31, 27, 18, 33, 22]

</pre>
#
<pre>
 5 užduotis 
Reedo-Solomono kodo parametrai: p=37, k=3, x=[1,2,3,4,5,6,7] 
Abėcėlė: AĄBCČDEĘĖFGHIĮYJKLMNOPRSŠTUŲŪVZŽ .,:- 
Žodžiai iš kanalo:
[11, 31, 13, 24, 34, 19, 7]
[32, 1, 6, 24, 4, 15, 16]
[32, 22, 34, 26, 35, 12, 35]
[24, 33, 8, 19, 29, 18, 9]
[13, 9, 0, 35, 4, 17, 25]
[36, 22, 1, 24, 3, 29, 28]
[1, 26, 12, 25, 35, 14, 33]
[4, 31, 30, 12, 6, 7, 5]
[11, 6, 2, 36, 17, 33, 33]
[31, 36, 18, 16, 28, 30, 22]

</pre>
#
<pre>
 6 užduotis 
Reedo-Solomono kodo parametrai: p=37, k=3, x=[1,2,3,4,5,6,7] 
Abėcėlė: AĄBCČDEĘĖFGHIĮYJKLMNOPRSŠTUŲŪVZŽ .,:- 
Žodžiai iš kanalo:
[30, 35, 30, 15, 9, 26, 21]
[17, 23, 21, 29, 21, 18, 20]
[18, 30, 29, 13, 21, 3, 33]
[24, 9, 18, 14, 27, 4, 35]
[25, 10, 12, 35, 5, 33, 8]
[35, 31, 29, 25, 8, 15, 9]
[8, 11, 20, 19, 8, 24, 30]
[21, 36, 24, 22, 1, 11, 2]
[9, 1, 3, 29, 5, 5, 29]
[14, 8, 19, 32, 34, 36, 22]

</pre>
#
<pre>
 7 užduotis 
Reedo-Solomono kodo parametrai: p=37, k=3, x=[1,2,3,4,5,6,7] 
Abėcėlė: AĄBCČDEĘĖFGHIĮYJKLMNOPRSŠTUŲŪVZŽ .,:- 
Žodžiai iš kanalo:
[14, 6, 2, 16, 34, 36, 22]
[0, 26, 6, 7, 36, 29, 23]
[18, 26, 28, 12, 27, 32, 27]
[32, 36, 12, 16, 29, 6, 27]
[22, 6, 36, 1, 13, 32, 24]
[31, 32, 0, 13, 22, 2, 23]
[33, 1, 6, 11, 33, 21, 26]
[4, 36, 3, 16, 17, 10, 35]
[36, 27, 5, 7, 24, 9, 9]
[34, 3, 4, 0, 28, 32, 32]

</pre>
#
<pre>
 8 užduotis 
Reedo-Solomono kodo parametrai: p=37, k=3, x=[1,2,3,4,5,6,7] 
Abėcėlė: AĄBCČDEĘĖFGHIĮYJKLMNOPRSŠTUŲŪVZŽ .,:- 
Žodžiai iš kanalo:
[11, 3, 19, 34, 11, 24, 36]
[18, 15, 36, 12, 27, 32, 27]
[27, 9, 2, 1, 35, 4, 19]
[23, 36, 3, 29, 5, 23, 29]
[24, 18, 14, 28, 7, 18, 24]
[15, 34, 6, 5, 31, 0, 16]
[3, 15, 36, 15, 31, 5, 25]
[24, 19, 25, 13, 20, 20, 13]
[18, 8, 33, 15, 32, 21, 19]
[25, 6, 7, 3, 31, 17, 35]

</pre>
#
<pre>
 9 užduotis 
Reedo-Solomono kodo parametrai: p=37, k=3, x=[1,2,3,4,5,6,7] 
Abėcėlė: AĄBCČDEĘĖFGHIĮYJKLMNOPRSŠTUŲŪVZŽ .,:- 
Žodžiai iš kanalo:
[11, 29, 10, 23, 4, 2, 5]
[36, 25, 5, 11, 33, 9, 9]
[2, 18, 34, 13, 29, 34, 24]
[20, 21, 5, 35, 11, 28, 12]
[15, 16, 34, 18, 0, 32, 25]
[36, 3, 16, 29, 8, 27, 12]
[32, 8, 30, 28, 2, 22, 18]
[8, 18, 9, 27, 35, 33, 21]
[29, 28, 36, 24, 21, 30, 13]
[31, 36, 6, 16, 28, 36, 22]

</pre>
#
<pre>
 10 užduotis 
Reedo-Solomono kodo parametrai: p=37, k=3, x=[1,2,3,4,5,6,7] 
Abėcėlė: AĄBCČDEĘĖFGHIĮYJKLMNOPRSŠTUŲŪVZŽ .,:- 
Žodžiai iš kanalo:
[18, 13, 8, 3, 5, 24, 25]
[8, 21, 31, 30, 3, 24, 19]
[32, 29, 16, 30, 4, 28, 12]
[15, 5, 35, 32, 32, 23, 5]
[26, 18, 30, 5, 17, 26, 4]
[4, 23, 22, 31, 20, 36, 5]
[15, 28, 23, 13, 35, 15, 27]
[20, 23, 31, 7, 12, 3, 2]
[14, 8, 26, 2, 23, 2, 5]
[3, 33, 29, 0, 17, 6, 4]

</pre>
#
<pre>
 11 užduotis 
Reedo-Solomono kodo parametrai: p=37, k=3, x=[1,2,3,4,5,6,7] 
Abėcėlė: AĄBCČDEĘĖFGHIĮYJKLMNOPRSŠTUŲŪVZŽ .,:- 
Žodžiai iš kanalo:
[4, 31, 9, 21, 21, 12, 31]
[6, 36, 15, 3, 0, 2, 21]
[8, 35, 22, 27, 5, 8, 36]
[31, 24, 15, 36, 35, 17, 19]
[7, 15, 13, 13, 16, 21, 16]
[30, 18, 30, 16, 27, 29, 21]
[6, 29, 14, 14, 18, 0, 18]
[33, 7, 36, 6, 29, 31, 12]
[17, 13, 22, 13, 5, 16, 3]
[22, 7, 6, 17, 16, 3, 15]

</pre>
#
<pre>
 12 užduotis 
Reedo-Solomono kodo parametrai: p=37, k=3, x=[1,2,3,4,5,6,7] 
Abėcėlė: AĄBCČDEĘĖFGHIĮYJKLMNOPRSŠTUŲŪVZŽ .,:- 
Žodžiai iš kanalo:
[35, 13, 24, 33, 1, 20, 1]
[29, 24, 27, 14, 9, 4, 36]
[0, 12, 12, 2, 19, 26, 23]
[27, 8, 33, 28, 30, 3, 18]
[18, 33, 20, 16, 34, 35, 21]
[6, 30, 23, 6, 2, 34, 12]
[20, 36, 31, 5, 32, 9, 23]
[30, 35, 30, 15, 27, 17, 21]
[24, 10, 32, 4, 4, 32, 14]
[19, 13, 8, 3, 35, 22, 25]

</pre>
#
<pre>
 13 užduotis 
Reedo-Solomono kodo parametrai: p=37, k=3, x=[1,2,3,4,5,6,7] 
Abėcėlė: AĄBCČDEĘĖFGHIĮYJKLMNOPRSŠTUŲŪVZŽ .,:- 
Žodžiai iš kanalo:
[24, 26, 1, 4, 35, 20, 33]
[7, 31, 22, 29, 0, 17, 35]
[16, 7, 25, 33, 27, 5, 34]
[29, 27, 33, 21, 34, 1, 32]
[22, 30, 2, 15, 7, 11, 27]
[27, 8, 33, 28, 30, 31, 18]
[20, 20, 32, 2, 18, 29, 15]
[27, 4, 22, 23, 28, 30, 29]
[6, 7, 21, 18, 28, 4, 20]
[12, 16, 17, 22, 24, 13, 26]

</pre>
#
<pre>
 14 užduotis 
Reedo-Solomono kodo parametrai: p=37, k=3, x=[1,2,3,4,5,6,7] 
Abėcėlė: AĄBCČDEĘĖFGHIĮYJKLMNOPRSŠTUŲŪVZŽ .,:- 
Žodžiai iš kanalo:
[23, 3, 8, 34, 11, 24, 36]
[18, 26, 24, 18, 27, 32, 27]
[27, 34, 13, 1, 35, 25, 19]
[23, 1, 3, 34, 34, 5, 29]
[24, 18, 22, 28, 7, 18, 24]
[15, 34, 6, 5, 31, 18, 16]
[8, 15, 36, 29, 31, 5, 25]
[24, 15, 36, 22, 20, 20, 13]
[18, 8, 7, 15, 32, 27, 19]
[0, 6, 7, 3, 31, 34, 35]

</pre>
#
<pre>
 15 užduotis 
Reedo-Solomono kodo parametrai: p=37, k=3, x=[1,2,3,4,5,6,7] 
Abėcėlė: AĄBCČDEĘĖFGHIĮYJKLMNOPRSŠTUŲŪVZŽ .,:- 
Žodžiai iš kanalo:
[32, 36, 5, 14, 1, 3, 20]
[35, 13, 28, 1, 21, 36, 14]
[35, 1, 28, 16, 6, 12, 6]
[7, 8, 13, 1, 27, 21, 16]
[14, 4, 23, 23, 15, 20, 1]
[21, 25, 17, 5, 18, 34, 16]
[31, 20, 6, 26, 6, 15, 31]
[24, 8, 1, 36, 12, 34, 26]
[3, 0, 23, 0, 36, 26, 5]
[33, 13, 0, 31, 18, 3, 18]

</pre>
#
<pre>
 16 užduotis 
Reedo-Solomono kodo parametrai: p=37, k=3, x=[1,2,3,4,5,6,7] 
Abėcėlė: AĄBCČDEĘĖFGHIĮYJKLMNOPRSŠTUŲŪVZŽ .,:- 
Žodžiai iš kanalo:
[18, 30, 16, 26, 23, 20, 15]
[18, 26, 27, 6, 0, 9, 33]
[23, 5, 12, 7, 27, 19, 31]
[21, 33, 16, 29, 13, 0, 27]
[28, 17, 1, 23, 9, 33, 21]
[22, 21, 15, 24, 11, 13, 30]
[16, 13, 8, 3, 35, 30, 25]
[34, 8, 0, 16, 22, 8, 34]
[3, 29, 22, 19, 20, 24, 34]
[4, 20, 23, 13, 4, 28, 16]

</pre>
#
<pre>
 17 užduotis 
Reedo-Solomono kodo parametrai: p=37, k=3, x=[1,2,3,4,5,6,7] 
Abėcėlė: AĄBCČDEĘĖFGHIĮYJKLMNOPRSŠTUŲŪVZŽ .,:- 
Žodžiai iš kanalo:
[5, 34, 22, 32, 4, 12, 19]
[19, 2, 35, 7, 21, 11, 1]
[5, 22, 19, 17, 0, 34, 23]
[3, 15, 3, 11, 29, 11, 31]
[18, 4, 10, 9, 13, 22, 36]
[0, 5, 13, 20, 32, 12, 34]
[34, 9, 24, 5, 36, 13, 3]
[21, 15, 33, 4, 2, 27, 5]
[11, 31, 23, 24, 34, 29, 7]
[32, 1, 4, 10, 13, 15, 16]

</pre>
#
<pre>
 18 užduotis 
Reedo-Solomono kodo parametrai: p=37, k=3, x=[1,2,3,4,5,6,7] 
Abėcėlė: AĄBCČDEĘĖFGHIĮYJKLMNOPRSŠTUŲŪVZŽ .,:- 
Žodžiai iš kanalo:
[9, 29, 15, 25, 22, 6, 14]
[28, 17, 15, 14, 14, 4, 21]
[36, 28, 25, 8, 3, 11, 7]
[31, 13, 16, 8, 23, 7, 15]
[3, 26, 27, 26, 10, 9, 33]
[23, 5, 12, 26, 8, 35, 31]
[36, 33, 27, 29, 13, 0, 27]
[34, 17, 6, 27, 9, 33, 21]
[5, 21, 15, 24, 11, 25, 30]
[18, 13, 8, 3, 0, 30, 25]

</pre>
#
<pre>
 19 užduotis 
Reedo-Solomono kodo parametrai: p=37, k=3, x=[1,2,3,4,5,6,7] 
Abėcėlė: AĄBCČDEĘĖFGHIĮYJKLMNOPRSŠTUŲŪVZŽ .,:- 
Žodžiai iš kanalo:
[31, 14, 0, 27, 21, 14, 20]
[24, 23, 18, 2, 34, 4, 35]
[35, 5, 0, 9, 6, 8, 27]
[35, 16, 8, 0, 18, 21, 13]
[13, 24, 7, 21, 0, 3, 30]
[28, 27, 2, 23, 20, 4, 12]
[15, 34, 14, 5, 31, 10, 16]
[19, 23, 31, 10, 8, 14, 7]
[30, 33, 15, 13, 15, 20, 29]
[24, 27, 14, 28, 32, 26, 10]

</pre>
#
<pre>
 20 užduotis 
Reedo-Solomono kodo parametrai: p=37, k=3, x=[1,2,3,4,5,6,7] 
Abėcėlė: AĄBCČDEĘĖFGHIĮYJKLMNOPRSŠTUŲŪVZŽ .,:- 
Žodžiai iš kanalo:
[32, 35, 30, 20, 2, 14, 19]
[13, 16, 23, 29, 2, 24, 29]
[10, 8, 16, 26, 25, 26, 0]
[6, 28, 25, 33, 16, 23, 17]
[8, 14, 19, 11, 2, 11, 6]
[0, 27, 7, 36, 11, 35, 12]
[29, 33, 33, 20, 34, 1, 32]
[18, 21, 23, 10, 30, 12, 30]
[29, 29, 33, 16, 11, 18, 0]
[13, 34, 23, 17, 10, 20, 29]

</pre>
#
