14#
<pre>

1 užduotis

111101101001000111011000,
111010100110011100001110,
111011100010100111000111,
111111110110011001111111,
000001000100010011110001,
111010000110101101010100,
101101101100011110001010,
111010000110110010101101

111001101010101101100101,
011000101110000101110111,
111001101101000010001101,
111000101110000101110111,
100111100110011001110111,
111110000110110010101010
</pre>#
<pre>

2 užduotis

111001101010101101100101,
011000101110000101110111,
111001101101000010001101,
111000101110000101110111,
100111100110011001110111,
111110000110110010101010

011011101100011100101001,
011011001110110110010110,
101001100100111111010101,
111111110110011001101111,
001111101111010111011111,
011001010110001011011111,
101001101001011110010110
</pre>#
<pre>
3 užduotis

011011101100011100101001,
011011001110110110010110,
101001100100111111010101,
111111110110011001101111,
001111101111010111011111,
011001010110001011011111,
101001101001011110010110

011011101110011100101001,
011011001110110011010110,
101001100100111101010111,
111111110110011001111111,
001111101111010111011110,
011001010110001011011011,
100101101001011110010111
</pre>#
<pre>

4 užduotis

011011101110011100101001,
011011001110110011010110,
101001100100111101010111,
111111110110011001111111,
001111101111010111011110,
011001010110001011011011,
100101101001011110010111

111101101001000111011000,
111010100110011100001110,
111011100010100111000111,
111111110110011001111111,
000001000100010011110001,
111010000110101101010100,
101101101100011110001010,
111010000110110010101101
</pre>#
<pre>

5 užduotis

111101101001000111011000,
111010100110011100001110,
111011100010100111000111,
111111110110011001111111,
000001000100010011110001,
111010000110101101010100,
101101101100011110001010,
111010000110110010101101

111001101010101101100101,
011000101110000101110111,
111001101101000010001101,
111000101110000101110111,
100111100110011001110111,
111110000110110010101010
</pre>#
<pre>

6 užduotis

111001101010101101100101,
011000101110000101110111,
111001101101000010001101,
111000101110000101110111,
100111100110011001110111,
111110000110110010101010

011011101100011100101001,
011011001110110110010110,
101001100100111111010101,
111111110110011001101111,
001111101111010111011111,
011001010110001011011111,
101001101001011110010110
</pre>#
<pre>

7 užduotis

011011101100011100101001,
011011001110110110010110,
101001100100111111010101,
111111110110011001101111,
001111101111010111011111,
011001010110001011011111,
101001101001011110010110

011011101110011100101001,
011011001110110011010110,
101001100100111101010111,
111111110110011001111111,
001111101111010111011110,
011001010110001011011011,
100101101001011110010111
</pre>#
<pre>

8 užduotis

011011101110011100101001,
011011001110110011010110,
101001100100111101010111,
111111110110011001111111,
001111101111010111011110,
011001010110001011011011,
100101101001011110010111

111001101010101101100101,
011000101110000101110111,
111001101101000010001101,
111000101110000101110111,
100111100110011001110111,
111110000110110010101010
</pre>#
<pre>

9 užduotis

111001101010101101100101,
011000101110000101110111,
111001101101000010001101,
111000101110000101110111,
100111100110011001110111,
111110000110110010101010

011011101100011100101001,
011011001110110110010110,
101001100100111111010101,
111111110110011001101111,
001111101111010111011111,
011001010110001011011111,
101001101001011110010110
</pre>#
<pre>

10 užduotis

011011101100011100101001,
011011001110110110010110,
101001100100111111010101,
111111110110011001101111,
001111101111010111011111,
011001010110001011011111,
101001101001011110010110

011011101110011100101001,
011011001110110011010110,
101001100100111101010111,
111111110110011001111111,
001111101111010111011110,
011001010110001011011011,
100101101001011110010111
</pre>#
<pre>

11 užduotis

011011101110011100101001,
011011001110110011010110,
101001100100111101010111,
111111110110011001111111,
001111101111010111011110,
011001010110001011011011,
100101101001011110010111

111101101001000111011000,
111010100110011100001110,
111011100010100111000111,
111111110110011001111111,
000001000100010011110001,
111010000110101101010100,
101101101100011110001010,
111010000110110010101101
</pre>#
<pre>

12 užduotis

111101101001000111011000,
111010100110011100001110,
111011100010100111000111,
111111110110011001111111,
000001000100010011110001,
111010000110101101010100,
101101101100011110001010,
111010000110110010101101

111001101010101101100101,
011000101110000101110111,
111001101101000010001101,
111000101110000101110111,
100111100110011001110111,
111110000110110010101010
</pre>#
<pre>
13 užduotis

111001101010101101100101,
011000101110000101110111,
111001101101000010001101,
111000101110000101110111,
100111100110011001110111,
111110000110110010101010

011011101100011100101001,
011011001110110110010110,
101001100100111111010101,
111111110110011001101111,
001111101111010111011111,
011001010110001011011111,
101001101001011110010110


</pre>#
<pre>
14 užduotis

011011101100011100101001,
011011001110110110010110,
101001100100111111010101,
111111110110011001101111,
001111101111010111011111,
011001010110001011011111,
101001101001011110010110

111101101001000111011000,
111010100110011100001110,
111011100010100111000111,
111111110110011001111111,
000001000100010011110001,
111010000110101101010100,
101101101100011110001010,
111010000110110010101101
</pre>#