Parameters [String] labyrinth file, [Boolean] use wave method, [String] file output
Default: lab.txt,false,null
Data:
  Y
  ^
16 |  1,  1,  1,  1,  1,  1,  1,  1,  1,  1,  1,  1,  1,  1,  1,  1,  1,  1,  1,  1
15 |  1,  1,  0,  0,  0,  0,  0,  0,  0,  0,  0,  0,  0,  0,  0,  0,  0,  0,  1,  1
14 |  1,  1,  0,  1,  1,  1,  1,  1,  0,  1,  1,  1,  1,  1,  1,  1,  1,  0,  1,  1
13 |  1,  1,  0,  1,  1,  1,  1,  1,  0,  1,  1,  1,  1,  1,  1,  1,  1,  0,  1,  1
12 |  1,  1,  0,  1,  1,  1,  1,  1,  0,  1,  1,  0,  0,  0,  0,  0,  0,  0,  1,  1
11 |  1,  1,  0,  0,  1,  1,  1,  1,  0,  1,  1,  0,  0,  1,  1,  0,  1,  0,  1,  1
10 |  1,  1,  0,  0,  0,  0,  2,  0,  0,  1,  1,  0,  0,  1,  1,  0,  0,  0,  1,  1
9 |  1,  1,  1,  1,  1,  1,  1,  1,  1,  1,  1,  0,  1,  1,  1,  1,  1,  1,  1,  1
8 |  1,  1,  1,  1,  1,  1,  1,  1,  1,  1,  1,  0,  1,  1,  1,  1,  1,  1,  1,  1
7 |  1,  1,  0,  0,  0,  0,  0,  0,  0,  0,  0,  0,  0,  0,  0,  0,  0,  0,  0,  1
6 |  1,  1,  0,  1,  1,  1,  1,  1,  0,  1,  1,  1,  1,  1,  1,  1,  1,  0,  1,  1
5 |  1,  1,  0,  1,  1,  1,  1,  1,  0,  1,  1,  1,  1,  1,  1,  1,  1,  0,  1,  1
4 |  1,  1,  0,  1,  1,  1,  1,  1,  0,  1,  1,  0,  0,  0,  0,  0,  0,  0,  1,  1
3 |  1,  1,  0,  0,  1,  1,  1,  1,  0,  1,  1,  0,  0,  1,  1,  0,  1,  0,  1,  1
2 |  1,  1,  0,  0,  0,  0,  0,  0,  0,  1,  1,  0,  0,  1,  1,  0,  0,  0,  1,  1
1 |  1,  1,  1,  1,  1,  1,  1,  1,  1,  1,  1,  0,  1,  1,  1,  1,  1,  1,  1,  1
  ----------------------------------------------------------------------------------> X
     1   2   3   4   5   6   7   8   9  10  11  12  13  14  15  16  17  18  19  20
Recursive trace
  1) R1 [6 10] EMPTY
  2) -R1 [5 10] EMPTY
  3) --R1 [4 10] EMPTY
  4) ---R1 [3 10] EMPTY
  5) ----R1 [2 10] WALL
  6) ----R2 [3 11] EMPTY
  7) -----R1 [2 11] WALL
  8) -----R2 [3 12] EMPTY
  9) ------R1 [2 12] WALL
 10) ------R2 [3 13] EMPTY
 11) -------R1 [2 13] WALL
 12) -------R2 [3 14] EMPTY
 13) --------R1 [2 14] WALL
 14) --------R2 [3 15] EMPTY
 15) ---------R1 [2 15] WALL
 16) ---------R2 [3 16] WALL
 17) ---------R3 [4 15] EMPTY
 18) ----------R1 [3 15] VISITED
 19) ----------R2 [4 16] WALL
 20) ----------R3 [5 15] EMPTY
 21) -----------R1 [4 15] VISITED
 22) -----------R2 [5 16] WALL
 23) -----------R3 [6 15] EMPTY
 24) ------------R1 [5 15] VISITED
 25) ------------R2 [6 16] WALL
 26) ------------R3 [7 15] EMPTY
 27) -------------R1 [6 15] VISITED
 28) -------------R2 [7 16] WALL
 29) -------------R3 [8 15] EMPTY
 30) --------------R1 [7 15] VISITED
 31) --------------R2 [8 16] WALL
 32) --------------R3 [9 15] EMPTY
 33) ---------------R1 [8 15] VISITED
 34) ---------------R2 [9 16] WALL
 35) ---------------R3 [10 15] EMPTY
 36) ----------------R1 [9 15] VISITED
 37) ----------------R2 [10 16] WALL
 38) ----------------R3 [11 15] EMPTY
 39) -----------------R1 [10 15] VISITED
 40) -----------------R2 [11 16] WALL
 41) -----------------R3 [12 15] EMPTY
 42) ------------------R1 [11 15] VISITED
 43) ------------------R2 [12 16] WALL
 44) ------------------R3 [13 15] EMPTY
 45) -------------------R1 [12 15] VISITED
 46) -------------------R2 [13 16] WALL
 47) -------------------R3 [14 15] EMPTY
 48) --------------------R1 [13 15] VISITED
 49) --------------------R2 [14 16] WALL
 50) --------------------R3 [15 15] EMPTY
 51) ---------------------R1 [14 15] VISITED
 52) ---------------------R2 [15 16] WALL
 53) ---------------------R3 [16 15] EMPTY
 54) ----------------------R1 [15 15] VISITED
 55) ----------------------R2 [16 16] WALL
 56) ----------------------R3 [17 15] EMPTY
 57) -----------------------R1 [16 15] VISITED
 58) -----------------------R2 [17 16] WALL
 59) -----------------------R3 [18 15] EMPTY
 60) ------------------------R1 [17 15] VISITED
 61) ------------------------R2 [18 16] WALL
 62) ------------------------R3 [19 15] WALL
 63) ------------------------R4 [18 14] EMPTY
 64) -------------------------R1 [17 14] WALL
 65) -------------------------R2 [18 15] VISITED
 66) -------------------------R3 [19 14] WALL
 67) -------------------------R4 [18 13] EMPTY
 68) --------------------------R1 [17 13] WALL
 69) --------------------------R2 [18 14] VISITED
 70) --------------------------R3 [19 13] WALL
 71) --------------------------R4 [18 12] EMPTY
 72) ---------------------------R1 [17 12] EMPTY
 73) ----------------------------R1 [16 12] EMPTY
 74) -----------------------------R1 [15 12] EMPTY
 75) ------------------------------R1 [14 12] EMPTY
 76) -------------------------------R1 [13 12] EMPTY
 77) --------------------------------R1 [12 12] EMPTY
 78) ---------------------------------R1 [11 12] WALL
 79) ---------------------------------R2 [12 13] WALL
 80) ---------------------------------R3 [13 12] VISITED
 81) ---------------------------------R4 [12 11] EMPTY
 82) ----------------------------------R1 [11 11] WALL
 83) ----------------------------------R2 [12 12] VISITED
 84) ----------------------------------R3 [13 11] EMPTY
 85) -----------------------------------R1 [12 11] VISITED
 86) -----------------------------------R2 [13 12] VISITED
 87) -----------------------------------R3 [14 11] WALL
 88) -----------------------------------R4 [13 10] EMPTY
 89) ------------------------------------R1 [12 10] EMPTY
 90) -------------------------------------R1 [11 10] WALL
 91) -------------------------------------R2 [12 11] VISITED
 92) -------------------------------------R3 [13 10] VISITED
 93) -------------------------------------R4 [12 9] EMPTY
 94) --------------------------------------R1 [11 9] WALL
 95) --------------------------------------R2 [12 10] VISITED
 96) --------------------------------------R3 [13 9] WALL
 97) --------------------------------------R4 [12 8] EMPTY
 98) ---------------------------------------R1 [11 8] WALL
 99) ---------------------------------------R2 [12 9] VISITED
100) ---------------------------------------R3 [13 8] WALL
101) ---------------------------------------R4 [12 7] EMPTY
102) ----------------------------------------R1 [11 7] EMPTY
103) -----------------------------------------R1 [10 7] EMPTY
104) ------------------------------------------R1 [9 7] EMPTY
105) -------------------------------------------R1 [8 7] EMPTY
106) --------------------------------------------R1 [7 7] EMPTY
107) ---------------------------------------------R1 [6 7] EMPTY
108) ----------------------------------------------R1 [5 7] EMPTY
109) -----------------------------------------------R1 [4 7] EMPTY
110) ------------------------------------------------R1 [3 7] EMPTY
111) -------------------------------------------------R1 [2 7] WALL
112) -------------------------------------------------R2 [3 8] WALL
113) -------------------------------------------------R3 [4 7] VISITED
114) -------------------------------------------------R4 [3 6] EMPTY
115) --------------------------------------------------R1 [2 6] WALL
116) --------------------------------------------------R2 [3 7] VISITED
117) --------------------------------------------------R3 [4 6] WALL
118) --------------------------------------------------R4 [3 5] EMPTY
119) ---------------------------------------------------R1 [2 5] WALL
120) ---------------------------------------------------R2 [3 6] VISITED
121) ---------------------------------------------------R3 [4 5] WALL
122) ---------------------------------------------------R4 [3 4] EMPTY
123) ----------------------------------------------------R1 [2 4] WALL
124) ----------------------------------------------------R2 [3 5] VISITED
125) ----------------------------------------------------R3 [4 4] WALL
126) ----------------------------------------------------R4 [3 3] EMPTY
127) -----------------------------------------------------R1 [2 3] WALL
128) -----------------------------------------------------R2 [3 4] VISITED
129) -----------------------------------------------------R3 [4 3] EMPTY
130) ------------------------------------------------------R1 [3 3] VISITED
131) ------------------------------------------------------R2 [4 4] WALL
132) ------------------------------------------------------R3 [5 3] WALL
133) ------------------------------------------------------R4 [4 2] EMPTY
134) -------------------------------------------------------R1 [3 2] EMPTY
135) --------------------------------------------------------R1 [2 2] WALL
136) --------------------------------------------------------R2 [3 3] VISITED
137) --------------------------------------------------------R3 [4 2] VISITED
138) --------------------------------------------------------R4 [3 1] WALL BACKTRACK
139) -------------------------------------------------------R2 [4 3] VISITED
140) -------------------------------------------------------R3 [5 2] EMPTY
141) --------------------------------------------------------R1 [4 2] VISITED
142) --------------------------------------------------------R2 [5 3] WALL
143) --------------------------------------------------------R3 [6 2] EMPTY
144) ---------------------------------------------------------R1 [5 2] VISITED
145) ---------------------------------------------------------R2 [6 3] WALL
146) ---------------------------------------------------------R3 [7 2] EMPTY
147) ----------------------------------------------------------R1 [6 2] VISITED
148) ----------------------------------------------------------R2 [7 3] WALL
149) ----------------------------------------------------------R3 [8 2] EMPTY
150) -----------------------------------------------------------R1 [7 2] VISITED
151) -----------------------------------------------------------R2 [8 3] WALL
152) -----------------------------------------------------------R3 [9 2] EMPTY
153) ------------------------------------------------------------R1 [8 2] VISITED
154) ------------------------------------------------------------R2 [9 3] EMPTY
155) -------------------------------------------------------------R1 [8 3] WALL
156) -------------------------------------------------------------R2 [9 4] EMPTY
157) --------------------------------------------------------------R1 [8 4] WALL
158) --------------------------------------------------------------R2 [9 5] EMPTY
159) ---------------------------------------------------------------R1 [8 5] WALL
160) ---------------------------------------------------------------R2 [9 6] EMPTY
161) ----------------------------------------------------------------R1 [8 6] WALL
162) ----------------------------------------------------------------R2 [9 7] VISITED
163) ----------------------------------------------------------------R3 [10 6] WALL
164) ----------------------------------------------------------------R4 [9 5] VISITED BACKTRACK
165) ---------------------------------------------------------------R3 [10 5] WALL
166) ---------------------------------------------------------------R4 [9 4] VISITED BACKTRACK
167) --------------------------------------------------------------R3 [10 4] WALL
168) --------------------------------------------------------------R4 [9 3] VISITED BACKTRACK
169) -------------------------------------------------------------R3 [10 3] WALL
170) -------------------------------------------------------------R4 [9 2] VISITED BACKTRACK
171) ------------------------------------------------------------R3 [10 2] WALL
172) ------------------------------------------------------------R4 [9 1] WALL BACKTRACK
173) -----------------------------------------------------------R4 [8 1] WALL BACKTRACK
174) ----------------------------------------------------------R4 [7 1] WALL BACKTRACK
175) ---------------------------------------------------------R4 [6 1] WALL BACKTRACK
176) --------------------------------------------------------R4 [5 1] WALL BACKTRACK
177) -------------------------------------------------------R4 [4 1] WALL BACKTRACK
178) -----------------------------------------------------R4 [3 2] VISITED BACKTRACK
179) ------------------------------------------------R2 [4 8] WALL
180) ------------------------------------------------R3 [5 7] VISITED
181) ------------------------------------------------R4 [4 6] WALL BACKTRACK
182) -----------------------------------------------R2 [5 8] WALL
183) -----------------------------------------------R3 [6 7] VISITED
184) -----------------------------------------------R4 [5 6] WALL BACKTRACK
185) ----------------------------------------------R2 [6 8] WALL
186) ----------------------------------------------R3 [7 7] VISITED
187) ----------------------------------------------R4 [6 6] WALL BACKTRACK
188) ---------------------------------------------R2 [7 8] WALL
189) ---------------------------------------------R3 [8 7] VISITED
190) ---------------------------------------------R4 [7 6] WALL BACKTRACK
191) --------------------------------------------R2 [8 8] WALL
192) --------------------------------------------R3 [9 7] VISITED
193) --------------------------------------------R4 [8 6] WALL BACKTRACK
194) -------------------------------------------R2 [9 8] WALL
195) -------------------------------------------R3 [10 7] VISITED
196) -------------------------------------------R4 [9 6] VISITED BACKTRACK
197) ------------------------------------------R2 [10 8] WALL
198) ------------------------------------------R3 [11 7] VISITED
199) ------------------------------------------R4 [10 6] WALL BACKTRACK
200) -----------------------------------------R2 [11 8] WALL
201) -----------------------------------------R3 [12 7] VISITED
202) -----------------------------------------R4 [11 6] WALL BACKTRACK
203) ----------------------------------------R2 [12 8] VISITED
204) ----------------------------------------R3 [13 7] EMPTY
205) -----------------------------------------R1 [12 7] VISITED
206) -----------------------------------------R2 [13 8] WALL
207) -----------------------------------------R3 [14 7] EMPTY
208) ------------------------------------------R1 [13 7] VISITED
209) ------------------------------------------R2 [14 8] WALL
210) ------------------------------------------R3 [15 7] EMPTY
211) -------------------------------------------R1 [14 7] VISITED
212) -------------------------------------------R2 [15 8] WALL
213) -------------------------------------------R3 [16 7] EMPTY
214) --------------------------------------------R1 [15 7] VISITED
215) --------------------------------------------R2 [16 8] WALL
216) --------------------------------------------R3 [17 7] EMPTY
217) ---------------------------------------------R1 [16 7] VISITED
218) ---------------------------------------------R2 [17 8] WALL
219) ---------------------------------------------R3 [18 7] EMPTY
220) ----------------------------------------------R1 [17 7] VISITED
221) ----------------------------------------------R2 [18 8] WALL
222) ----------------------------------------------R3 [19 7] EMPTY
223) -----------------------------------------------R1 [18 7] VISITED
224) -----------------------------------------------R2 [19 8] WALL
225) -----------------------------------------------R3 [20 7] WALL
226) -----------------------------------------------R4 [19 6] WALL BACKTRACK
227) ----------------------------------------------R4 [18 6] EMPTY
228) -----------------------------------------------R1 [17 6] WALL
229) -----------------------------------------------R2 [18 7] VISITED
230) -----------------------------------------------R3 [19 6] WALL
231) -----------------------------------------------R4 [18 5] EMPTY
232) ------------------------------------------------R1 [17 5] WALL
233) ------------------------------------------------R2 [18 6] VISITED
234) ------------------------------------------------R3 [19 5] WALL
235) ------------------------------------------------R4 [18 4] EMPTY
236) -------------------------------------------------R1 [17 4] EMPTY
237) --------------------------------------------------R1 [16 4] EMPTY
238) ---------------------------------------------------R1 [15 4] EMPTY
239) ----------------------------------------------------R1 [14 4] EMPTY
240) -----------------------------------------------------R1 [13 4] EMPTY
241) ------------------------------------------------------R1 [12 4] EMPTY
242) -------------------------------------------------------R1 [11 4] WALL
243) -------------------------------------------------------R2 [12 5] WALL
244) -------------------------------------------------------R3 [13 4] VISITED
245) -------------------------------------------------------R4 [12 3] EMPTY
246) --------------------------------------------------------R1 [11 3] WALL
247) --------------------------------------------------------R2 [12 4] VISITED
248) --------------------------------------------------------R3 [13 3] EMPTY
249) ---------------------------------------------------------R1 [12 3] VISITED
250) ---------------------------------------------------------R2 [13 4] VISITED
251) ---------------------------------------------------------R3 [14 3] WALL
252) ---------------------------------------------------------R4 [13 2] EMPTY
253) ----------------------------------------------------------R1 [12 2] EMPTY
254) -----------------------------------------------------------R1 [11 2] WALL
255) -----------------------------------------------------------R2 [12 3] VISITED
256) -----------------------------------------------------------R3 [13 2] VISITED
257) -----------------------------------------------------------R4 [12 1] EMPTY

Trace path

  Y
  ^
16 |  1,  1,  1,  1,  1,  1,  1,  1,  1,  1,  1,  1,  1,  1,  1,  1,  1,  1,  1,  1
15 |  1,  1, 11, 12, 13, 14, 15, 16, 17, 18, 19, 20, 21, 22, 23, 24, 25, 26,  1,  1
14 |  1,  1, 10,  1,  1,  1,  1,  1,  0,  1,  1,  1,  1,  1,  1,  1,  1, 27,  1,  1
13 |  1,  1,  9,  1,  1,  1,  1,  1,  0,  1,  1,  1,  1,  1,  1,  1,  1, 28,  1,  1
12 |  1,  1,  8,  1,  1,  1,  1,  1,  0,  1,  1, 35, 34, 33, 32, 31, 30, 29,  1,  1
11 |  1,  1,  7,  0,  1,  1,  1,  1,  0,  1,  1, 36, 37,  1,  1,  0,  1,  0,  1,  1
10 |  1,  1,  6,  5,  4,  3,  2,  0,  0,  1,  1, 39, 38,  1,  1,  0,  0,  0,  1,  1
9 |  1,  1,  1,  1,  1,  1,  1,  1,  1,  1,  1, 40,  1,  1,  1,  1,  1,  1,  1,  1
8 |  1,  1,  1,  1,  1,  1,  1,  1,  1,  1,  1, 41,  1,  1,  1,  1,  1,  1,  1,  1
7 |  1,  1, -1, -1, -1, -1, -1, -1, -1, -1, -1, 42, 43, 44, 45, 46, 47, 48, -1,  1
6 |  1,  1, -1,  1,  1,  1,  1,  1, -1,  1,  1,  1,  1,  1,  1,  1,  1, 49,  1,  1
5 |  1,  1, -1,  1,  1,  1,  1,  1, -1,  1,  1,  1,  1,  1,  1,  1,  1, 50,  1,  1
4 |  1,  1, -1,  1,  1,  1,  1,  1, -1,  1,  1, 57, 56, 55, 54, 53, 52, 51,  1,  1
3 |  1,  1, -1, -1,  1,  1,  1,  1, -1,  1,  1, 58, 59,  1,  1,  0,  1,  0,  1,  1
2 |  1,  1, -1, -1, -1, -1, -1, -1, -1,  1,  1, 61, 60,  1,  1,  0,  0,  0,  1,  1
1 |  1,  1,  1,  1,  1,  1,  1,  1,  1,  1,  1, 62,  1,  1,  1,  1,  1,  1,  1,  1
  ----------------------------------------------------------------------------------> X
     1   2   3   4   5   6   7   8   9  10  11  12  13  14  15  16  17  18  19  20

Rules:[R1, R1, R1, R1, R2, R2, R2, R2, R2, R3, R3, R3, R3, R3, R3, R3, R3, R3, R3, R3, R3, R3, R3, R3, R4, R4, R4, R1, R1, R1, R1, R1, R1, R4, R3, R4, R1, R4, R4, R4, R3, R3, R3, R3, R3, R3, R4, R4, R4, R1, R1, R1, R1, R1, R1, R4, R3, R4, R1, R4]
Positions: [[6 10], [5 10], [4 10], [3 10], [3 11], [3 12], [3 13], [3 14], [3 15], [4 15], [5 15], [6 15], [7 15], [8 15], [9 15], [10 15], [11 15], [12 15], [13 15], [14 15], [15 15], [16 15], [17 15], [18 15], [18 14], [18 13], [18 12], [17 12], [16 12], [15 12], [14 12], [13 12], [12 12], [12 11], [13 11], [13 10], [12 10], [12 9], [12 8], [12 7], [13 7], [14 7], [15 7], [16 7], [17 7], [18 7], [18 6], [18 5], [18 4], [17 4], [16 4], [15 4], [14 4], [13 4], [12 4], [12 3], [13 3], [13 2], [12 2], [12 1]]
